##FastQC	0.10.1
>>Basic Statistics	pass
#Measure	Value	
Filename	control.fastq	
File type	Conventional base calls	
Encoding	Sanger / Illumina 1.9	
Total Sequences	26980872	
Filtered Sequences	0	
Sequence length	36	
%GC	41	
>>END_MODULE
>>Per base sequence quality	pass
#Base	Mean	Median	Lower Quartile	Upper Quartile	10th Percentile	90th Percentile
1	31.735721291735864	34.0	33.0	34.0	27.0	34.0
2	31.584098875677554	34.0	33.0	34.0	26.0	34.0
3	31.570592010517675	34.0	33.0	34.0	26.0	34.0
4	31.554537822202338	34.0	33.0	34.0	26.0	34.0
5	31.547137727794713	34.0	33.0	34.0	26.0	34.0
6	31.60851450612864	34.0	33.0	34.0	27.0	34.0
7	31.53383578558914	34.0	33.0	34.0	26.0	34.0
8	31.475856006433002	34.0	33.0	34.0	26.0	34.0
9	31.43608998256246	34.0	33.0	34.0	26.0	34.0
10	31.38284314902795	34.0	33.0	34.0	26.0	34.0
11	31.388383592642967	34.0	33.0	34.0	26.0	34.0
12	31.334659569194056	34.0	33.0	34.0	26.0	34.0
13	31.296064597170915	34.0	33.0	34.0	26.0	34.0
14	31.259113345187657	34.0	33.0	34.0	26.0	34.0
15	31.209419065477203	34.0	33.0	34.0	26.0	34.0
16	31.226511656109558	34.0	33.0	34.0	26.0	34.0
17	31.169418468016897	34.0	33.0	34.0	26.0	34.0
18	31.134089365236232	34.0	33.0	34.0	26.0	34.0
19	31.091676392075097	34.0	33.0	34.0	25.0	34.0
20	31.03399927178039	34.0	33.0	34.0	25.0	34.0
21	31.02673312411845	34.0	33.0	34.0	25.0	34.0
22	30.973628984267076	34.0	33.0	34.0	25.0	34.0
23	30.926995317275143	34.0	33.0	34.0	25.0	34.0
24	30.867932808101976	34.0	33.0	34.0	25.0	34.0
25	30.769446814024395	34.0	32.0	34.0	25.0	34.0
26	30.622244121687395	34.0	33.0	34.0	24.0	34.0
27	30.551152460898965	34.0	32.0	34.0	24.0	34.0
28	30.476336013157766	34.0	32.0	34.0	23.0	34.0
29	30.395482399531044	34.0	32.0	34.0	23.0	34.0
30	30.255364133523926	34.0	32.0	34.0	22.0	34.0
31	30.079722441884012	34.0	32.0	34.0	21.0	34.0
32	30.018488060726874	34.0	32.0	34.0	20.0	34.0
33	29.931314154709305	34.0	32.0	34.0	19.0	34.0
34	29.854049120428723	34.0	32.0	34.0	18.0	34.0
35	29.742528892320454	34.0	31.0	34.0	16.0	34.0
36	29.367238353156267	34.0	31.0	34.0	2.0	34.0
>>END_MODULE
>>Per sequence quality scores	pass
#Quality	Count
1	11774.0
2	657884.0
3	8332.0
4	22794.0
5	62334.0
6	36750.0
7	29318.0
8	55207.0
9	95833.0
10	66382.0
11	49561.0
12	72173.0
13	84962.0
14	77422.0
15	74073.0
16	90152.0
17	101088.0
18	101169.0
19	104784.0
20	127200.0
21	161928.0
22	202633.0
23	258689.0
24	291230.0
25	352388.0
26	417810.0
27	490057.0
28	574555.0
29	647786.0
30	810893.0
31	1082186.0
32	1748562.0
33	1.2052754E7
34	5960209.0
>>END_MODULE
>>Per base sequence content	warn
#Base	G	A	T	C
1	25.379606888676932	26.097611170012442	28.108215338881188	20.414566602429442
2	25.566727892073978	28.931838468258096	27.81845819828737	17.682975441380556
3	25.80951491727538	29.313213652247487	28.00292478370934	16.874346646767798
4	26.15997397266448	29.20508401806555	26.8369611884927	17.797980820777273
5	21.202583334961034	30.70005047666704	29.682878365687166	18.414487822684762
6	21.430883916741934	30.598428892095363	28.076490447867197	19.89419674329551
7	20.56956498663201	29.91249504463755	30.20790803203099	19.310031936699453
8	20.774851161222664	29.247624020454193	29.975743556398026	20.001781261925114
9	20.79076984613396	28.860212523894706	30.0193188715324	20.32969875843894
10	21.17487529683992	29.603909762442072	28.507988918964518	20.713226021753485
11	21.257022382375187	29.509824589805696	28.668102350435525	20.565050677383592
12	21.41920526067992	29.44711854301683	28.63975322939269	20.493922966910564
13	20.967960609098675	29.63124957145531	29.144952809122028	20.25583701032399
14	20.723575775532442	29.739710016999528	29.119312232712254	20.417401974755784
15	20.4318700275147	29.63646918597706	29.50651404631485	20.425146740193387
16	20.723245900381624	29.392437937034266	29.365567041679352	20.518749120904758
17	20.691618762005508	29.151323529613432	29.395029740912136	20.762027967468924
18	20.988947419295346	29.046462883598025	29.079352880235636	20.88523681687099
19	21.024031633837616	29.050516018303284	28.843646144624184	21.08180620323491
20	21.08035611234999	29.169787750949077	28.701875289514927	21.047980847186007
21	20.93938253737685	29.17492436864161	28.859901192222402	21.025791901759142
22	21.076587146627432	29.269476538786442	28.901853135065465	20.75208317952066
23	20.784598807629344	29.385195556318568	29.271066554112856	20.559139081939236
24	20.91589182143557	29.23484089024254	29.307269980006577	20.541997308315313
25	20.881954285044426	29.30568952859323	29.403310504809667	20.40904568155268
26	20.902735771828805	29.31847039310301	29.24885644423859	20.529937390829595
27	20.802069159217172	29.374607988770745	29.163859191976833	20.659463660035254
28	21.04540833634575	29.25903957872964	29.048969608688402	20.646582476236212
29	21.14091141414439	29.132165014982053	29.070017711962816	20.656905858910747
30	21.30326283263701	29.097391448260712	28.98895195941024	20.610393759692037
31	21.247469739506123	29.000673399873545	29.180930913152054	20.570925947468275
32	21.42629923790635	29.071662655592096	29.106220424365244	20.395817682136315
33	21.163874700263985	29.208117663388016	29.172790605156145	20.455217031191854
34	21.259382217116876	29.194548074840604	28.94130746528476	20.60476224275776
35	20.954525876839362	29.445948553705612	29.08722453116459	20.51230103829043
36	21.022334085898034	29.315502710209984	29.178182035953327	20.483981167938655
>>END_MODULE
>>Per base GC content	pass
#Base	%GC
1	45.79417349110637
2	43.24970333345453
3	42.68386156404318
4	43.95795479344175
5	39.617071157645796
6	41.32508066003744
7	39.87959692333146
8	40.776632423147774
9	41.1204686045729
10	41.88810131859341
11	41.82207305975878
12	41.913128227590484
13	41.22379761942266
14	41.14097775028822
15	40.85701676770809
16	41.241995021286385
17	41.45364672947443
18	41.874184236166336
19	42.10583783707253
20	42.12833695953599
21	41.96517443913599
22	41.82867032614809
23	41.34373788956858
24	41.45788912975089
25	41.290999966597106
26	41.4326731626584
27	41.461532819252426
28	41.691990812581956
29	41.79781727305514
30	41.91365659232905
31	41.818395686974405
32	41.82211692004266
33	41.61909173145584
34	41.86414445987464
35	41.466826915129786
36	41.50631525383669
>>END_MODULE
>>Per sequence GC content	pass
#GC Content	Count
0	1437.0
1	1583.5
2	1730.0
3	1730.0
4	3095.5
5	4461.0
6	4461.0
7	7862.0
8	11263.0
9	11263.0
10	18926.5
11	26590.0
12	26590.0
13	42774.5
14	58959.0
15	89821.5
16	120684.0
17	120684.0
18	175840.5
19	230997.0
20	230997.0
21	321163.0
22	411329.0
23	411329.0
24	562886.0
25	714443.0
26	928828.0
27	1143213.0
28	1143213.0
29	1468010.0
30	1792807.0
31	1792807.0
32	2031625.5
33	2270444.0
34	2270444.0
35	2458586.0
36	2646728.0
37	2646728.0
38	2723019.0
39	2799310.0
40	2794559.0
41	2789808.0
42	2789808.0
43	2727653.5
44	2665499.0
45	2665499.0
46	2554704.5
47	2443910.0
48	2443910.0
49	2295928.0
50	2147946.0
51	1919927.0
52	1691908.0
53	1691908.0
54	1462550.5
55	1233193.0
56	1233193.0
57	1021504.5
58	809816.0
59	809816.0
60	644551.5
61	479287.0
62	479287.0
63	368122.5
64	256958.0
65	190918.5
66	124879.0
67	124879.0
68	90595.5
69	56312.0
70	56312.0
71	40576.5
72	24841.0
73	24841.0
74	18039.5
75	11238.0
76	8157.5
77	5077.0
78	5077.0
79	3778.0
80	2479.0
81	2479.0
82	1876.5
83	1274.0
84	1274.0
85	972.0
86	670.0
87	670.0
88	494.0
89	318.0
90	226.0
91	134.0
92	134.0
93	95.5
94	57.0
95	57.0
96	72.5
97	88.0
98	88.0
99	436.5
100	785.0
>>END_MODULE
>>Per base N content	pass
#Base	N-Count
1	0.10056383648386161
2	9.006380520244121E-4
3	0.00660838537761122
4	2.965063545759381E-5
5	3.298633194657311E-4
6	1.445468478557698E-4
7	0.0
8	0.0
9	0.0
10	0.0
11	0.0
12	9.265823580498065E-5
13	8.153924750838298E-5
14	4.373468729995087E-4
15	8.52455769405822E-5
16	2.594430602539458E-5
17	9.265823580498065E-5
18	8.895190637278143E-5
19	5.300051088044893E-4
20	0.001475119114015292
21	0.0
22	0.0
23	0.0
24	0.0
25	0.02654102506397866
26	0.0449911329774664
27	0.05251868805426303
28	0.06476810682768147
29	0.08876658990117146
30	0.11935122037567947
31	0.1481419874050031
32	0.16073980114504824
33	0.18410820821506438
34	0.21298422082132853
35	0.22303578624145284
36	0.2356669569463878
>>END_MODULE
>>Sequence Length Distribution	pass
#Length	Count
36	2.6980872E7
>>END_MODULE
>>Sequence Duplication Levels	warn
#Total Duplicate Percentage	20.876489925322524
#Duplication Level	Relative count
1	100.0
2	6.831237293744977
3	1.2682615479173562
4	0.7085953382818779
5	0.5159330528107418
6	0.4113280695948182
7	0.39655335445132617
8	0.34100042551179616
9	0.3049501205616756
10++	7.419861945061699
>>END_MODULE
>>Overrepresented sequences	pass
>>END_MODULE
>>Kmer Content	warn
#Sequence	Count	Obs/Exp Overall	Obs/Exp Max	Max Obs/Exp Position
CACAC	1941490	3.1839678	3.719477	17
GTGTG	2271025	3.1372833	4.932939	2
TTTTC	3788115	3.0780866	3.7367203	13
>>END_MODULE
