##FastQC	0.10.1
>>Basic Statistics	pass
#Measure	Value	
Filename	sample.fastq	
File type	Conventional base calls	
Encoding	Sanger / Illumina 1.9	
Total Sequences	6135470	
Filtered Sequences	0	
Sequence length	20-36	
%GC	49	
>>END_MODULE
>>Per base sequence quality	pass
#Base	Mean	Median	Lower Quartile	Upper Quartile	10th Percentile	90th Percentile
1	32.71728099069835	33.0	33.0	33.0	32.0	33.0
2	32.79041361134518	33.0	33.0	34.0	32.0	34.0
3	32.588526551348146	33.0	33.0	33.0	31.0	34.0
4	32.55044356830039	33.0	33.0	33.0	31.0	34.0
5	32.40069579021656	33.0	32.0	33.0	31.0	34.0
6	32.30561831448936	33.0	32.0	33.0	30.0	34.0
7	32.19029707585564	33.0	32.0	33.0	30.0	34.0
8	32.10919636148494	33.0	32.0	33.0	30.0	34.0
9	32.028905528019855	33.0	32.0	33.0	30.0	34.0
10	31.783793580605888	33.0	32.0	33.0	29.0	33.0
11	31.533382120685133	33.0	31.0	33.0	29.0	33.0
12	31.533789750418467	33.0	31.0	33.0	28.0	33.0
13	31.464225234578606	33.0	31.0	33.0	28.0	33.0
14	31.30920972639423	32.0	31.0	33.0	28.0	33.0
15	31.431589592973317	33.0	31.0	33.0	28.0	33.0
16	31.209060104604863	32.0	31.0	33.0	27.0	33.0
17	31.159393493896964	32.0	31.0	33.0	28.0	33.0
18	31.019665812073075	32.0	30.0	33.0	27.0	33.0
19	30.63581404521577	32.0	30.0	33.0	26.0	33.0
20	30.414628056204332	32.0	30.0	33.0	26.0	33.0
21	30.199161670103134	32.0	29.0	33.0	25.0	33.0
22	30.220746229908542	32.0	29.0	33.0	25.0	33.0
23	29.93299403675548	31.0	29.0	33.0	24.0	33.0
24	29.71789059070673	31.0	28.0	33.0	24.0	33.0
25	29.59401183658361	31.0	28.0	32.0	24.0	33.0
26	29.270666246778468	31.0	28.0	32.0	23.0	33.0
27	28.952831319944274	30.0	27.0	32.0	22.0	33.0
28	28.802452114525554	30.0	27.0	32.0	22.0	33.0
29	28.45372740213292	30.0	27.0	32.0	22.0	33.0
30	28.40305185560771	30.0	26.0	32.0	22.0	33.0
31	28.343035026045705	30.0	26.0	32.0	22.0	33.0
32	28.011409262304138	30.0	26.0	32.0	21.0	33.0
33	28.17630802560471	30.0	26.0	32.0	21.0	33.0
34	28.302418977304647	30.0	26.0	32.0	22.0	33.0
35	28.019633140239435	29.0	26.0	32.0	22.0	33.0
36	28.88513221925905	30.0	26.0	32.0	23.0	33.0
>>END_MODULE
>>Per sequence quality scores	pass
#Quality	Count
17	28.0
18	202.0
19	862.0
20	3797.0
21	8372.0
22	17424.0
23	33148.0
24	60091.0
25	109818.0
26	191093.0
27	311496.0
28	477604.0
29	718112.0
30	1075229.0
31	1503009.0
32	1383055.0
33	242130.0
>>END_MODULE
>>Per base sequence content	pass
#Base	G	A	T	C
1	27.848659411165844	23.92582561779051	22.82294964491682	25.402565326126826
2	24.324868682335197	29.37736965433381	23.600452468615536	22.69730919471546
3	23.26961734200464	25.14696351508221	28.101710527131214	23.48170861578194
4	26.69367801395492	23.642963567950652	22.670679010734958	26.99267940735947
5	27.519516696644263	25.72333968437658	23.860347066057756	22.8967965529214
6	28.275871404046114	25.07949875543412	22.02729124309324	24.61733859742652
7	23.315743020302087	27.831802294405673	24.765027600450374	24.087427084841867
8	24.145258583292726	27.309209243099414	24.43184672158043	24.11368545202743
9	27.08970903401825	23.932743380728184	24.36388140996944	24.613666175284127
10	23.95923472974009	28.37199858440332	22.92765942179073	24.74110726406586
11	27.383654798722727	24.54280520237983	23.50966222892311	24.563877769974333
12	24.31542560495622	24.30763013461375	23.957176448024924	27.419767812405105
13	23.821437517776207	24.290158570284184	27.509478468936976	24.378925443002633
14	23.85033964346732	24.44477279146941	24.172875360991462	27.53201220407181
15	26.650955242827447	24.436776278065782	24.53992632558819	24.372342153518584
16	23.850825436888073	24.467640258057276	27.290268119801773	24.39126618525287
17	23.606021767432544	27.55499548992053	24.49836679837849	24.340615944268432
18	23.92742040436374	24.3936941253523	27.237994809359588	24.440890660924367
19	26.936811598551763	24.188514138185273	24.250974702818993	24.623699560443967
20	24.04731446956077	24.17388366006591	24.062954187856665	27.715847682516653
21	23.86825415376416	24.153312388141444	24.301202204253926	27.677231253840468
22	26.872410998822936	24.16371524092375	24.242399845949706	24.72147391430361
23	23.73684734941015	24.28400289282429	27.436547905143872	24.542601852621686
24	23.805716391233954	24.278542359335145	24.509595688153222	27.406145561277672
25	23.747474841632453	24.399188753340802	27.423103351386192	24.430233053640556
26	23.76519030037611	24.47109483348539	27.416354247541097	24.347360618597403
27	23.709809790073088	24.538125403397725	24.67943046560734	27.072634340921848
28	24.01385899931838	24.492757334715456	27.06400569447551	24.42937797149065
29	26.406810737758192	24.62191883411739	24.55088469865154	24.420385729472883
30	24.118819682573275	24.726060767538254	24.501570278741493	26.653549271146975
31	23.95525477834753	24.805637921646856	26.521367882096015	24.7177394179096
32	24.338157010496406	25.19231458757933	25.766462693153287	24.70306570877098
33	24.410500340196233	25.43596183472936	25.320327480231935	24.833210344842467
34	24.582782208602346	25.437680343290687	25.096219466234786	24.88331798187218
35	24.232679979425487	25.591918200274748	25.326213816031185	24.849188004268576
36	25.146637392883207	25.27934388541859	25.125557086860805	24.448461634837393
>>END_MODULE
>>Per base GC content	pass
#Base	%GC
1	53.25122473729267
2	47.02217787705066
3	46.75132595778658
4	53.68635742131439
5	50.41631324956567
6	52.89321000147263
7	47.40317010514395
8	48.258944035320155
9	51.70337520930238
10	48.70034199380595
11	51.94753256869706
12	51.73519341736132
13	48.20036296077884
14	51.38235184753912
15	51.023297396346024
16	48.24209162214095
17	47.94663771170098
18	48.368311065288104
19	51.56051115899574
20	51.76316215207743
21	51.54548540760463
22	51.593884913126544
23	48.279449202031834
24	51.211861952511626
25	48.17770789527301
26	48.11255091897351
27	50.78244413099493
28	48.443236970809025
29	50.827196467231076
30	50.772368953720246
31	48.67299419625713
32	49.04122271926739
33	49.2437106850387
34	49.46610019047453
35	49.08186798369407
36	49.5950990277206
>>END_MODULE
>>Per sequence GC content	warn
#GC Content	Count
0	354.0
1	225.5
2	99.5
3	101.0
4	94.5
5	90.0
6	99.0
7	159.5
8	216.5
9	229.0
10	386.5
11	550.5
12	580.0
13	1033.0
14	1476.5
15	2535.0
16	3675.0
17	3795.0
18	6126.5
19	8573.5
20	8824.0
21	13874.0
22	18976.5
23	19299.0
24	29785.0
25	40366.5
26	58975.5
27	78201.5
28	79648.5
29	111288.5
30	143938.5
31	146321.0
32	179610.5
33	214051.0
34	217081.5
35	253905.0
36	292182.0
37	296121.5
38	332598.5
39	370537.5
40	408916.5
41	447737.0
42	452087.5
43	485125.5
44	521608.0
45	527774.0
46	555360.5
47	586366.5
48	596325.0
49	622502.5
50	652681.0
51	637797.0
52	641468.0
53	704830.5
54	711032.0
55	675918.0
56	633610.5
57	545805.5
58	475894.5
59	452974.0
60	394317.5
61	334911.0
62	329255.0
63	288996.5
64	246179.0
65	212833.0
66	181132.5
67	175507.0
68	149607.5
69	125255.5
70	120161.0
71	102827.5
72	86944.0
73	82778.0
74	70493.0
75	59551.0
76	50896.5
77	42637.0
78	40452.0
79	33889.5
80	27398.0
81	25123.5
82	21311.0
83	17749.5
84	16097.5
85	13061.5
86	10522.5
87	9695.5
88	7606.5
89	5650.0
90	4246.0
91	3048.0
92	2758.5
93	1977.0
94	1166.0
95	905.5
96	740.5
97	670.0
98	476.0
99	277.0
100	272.0
>>END_MODULE
>>Per base N content	pass
#Base	N-Count
1	0.19747468409103136
2	0.061511180072594276
3	0.05991391042577015
4	0.06072884391904777
5	0.059799819736711286
6	0.058887094224240356
7	0.06007689712442568
8	0.05988131308603905
9	0.061788257460308665
10	0.06160897209178758
11	0.06969311234510152
12	0.06037027318200562
13	0.05994650776550126
14	0.06105481731635881
15	0.05909897693249254
16	0.062065334848023054
17	0.05947384633940025
18	0.05971832638738352
19	0.05869151018585374
20	0.05942495032980359
21	0.05872857061529874
22	0.057719095693662834
23	0.05925325076786872
24	0.058334005314140125
25	0.05791025657021889
26	0.06216330995948258
27	0.060866507320149074
28	0.08252683265913825
29	0.7783005129622514
30	0.06484405220729843
31	0.08489641835393652
32	0.08426016260739358
33	0.061420535878901276
34	0.04757779569545484
35	0.003431454276431243
36	0.0
>>END_MODULE
>>Sequence Length Distribution	warn
#Length	Count
20	22602.0
21	23029.0
22	24349.0
23	26131.0
24	28334.0
25	34831.0
26	38610.0
27	36473.0
28	47074.0
29	47799.0
30	67480.0
31	100269.0
32	73575.0
33	64449.0
34	138307.0
35	333768.0
36	5028390.0
>>END_MODULE
>>Sequence Duplication Levels	pass
#Total Duplicate Percentage	12.748725268327483
#Duplication Level	Relative count
1	100.0
2	3.4875398879639246
3	0.9099567891601599
4	0.5445749678474759
5	0.387444641156307
6	0.29058348086723024
7	0.215247022864615
8	0.15013479844806896
9	0.15390162134819974
10++	1.4841282226515204
>>END_MODULE
>>Overrepresented sequences	warn
#Sequence	Count	Percentage	Possible Source
GATCGGAAGAGCTCGTATGCCGTCTTCTGCT	57989	0.9451435668335108	Illumina Single End Adapter 1 (100% over 31bp)
GATCGGAAGAGCTCGTATGCCGTCTTCTGC	30644	0.49945643935998385	Illumina Single End Adapter 1 (100% over 30bp)
GATCGGAAGAGCTCGTATGCCGTCTTCTGCTT	27228	0.44378018309925726	Illumina Single End Adapter 1 (100% over 32bp)
GATCGGAAGAGCTCGTATGCCGTCTTCT	15024	0.24487121606005732	Illumina Single End Adapter 1 (100% over 28bp)
GATCGGAAGAGCTCGTATGCCGTCTTCTG	13863	0.22594846034615115	Illumina Single End Adapter 1 (100% over 29bp)
GATCGGAAGAGCTCGTATGCCGTCTT	8924	0.14544932988018847	Illumina Single End Adapter 1 (100% over 26bp)
>>END_MODULE
>>Kmer Content	warn
#Sequence	Count	Obs/Exp Overall	Obs/Exp Max	Max Obs/Exp Position
ACACA	674325	3.5826907	3.823276	32
TGTGT	645515	3.518432	4.879616	1
CACAC	659415	3.509497	3.7069602	29
GTGTG	618260	3.3865752	4.5508447	2
GGAAG	581135	3.1589744	37.134758	5
GAAGA	521540	2.8102806	36.5242	6
AAGAG	506340	2.7283769	34.980656	7
CTTCT	498870	2.6810706	29.649069	24
CTGCT	489190	2.6420753	19.550955	27
AGAGC	485275	2.6193645	34.604393	8
TTCTG	473580	2.563157	27.46068	25
TCTGC	464400	2.5081863	24.712374	26
GAGCT	462385	2.5053709	34.386314	9
AGCTC	463315	2.4927788	34.07542	10
TCTTC	462580	2.4860377	30.334454	23
ATGCC	409445	2.2029414	33.120724	17
GTCTT	380745	2.0607061	31.553324	22
GTATG	345495	1.8759632	33.365547	15
TATGC	338685	1.8260704	32.998928	16
TGCTT	319745	1.7305559	8.138616	28
CGGAA	313795	1.6937685	35.507847	4
GATCG	307540	1.6663642	35.339794	1
ATCGG	290300	1.5729517	35.324833	2
TGCCG	287240	1.5590473	32.446125	18
TCGGA	287000	1.5550709	35.29791	3
GCTCG	273010	1.4818114	33.10354	11
CCGTC	263165	1.4183438	31.519003	20
GCCGT	259910	1.4107088	31.737804	19
CTCGT	257775	1.3922218	32.808163	12
CGTCT	253760	1.370537	31.422865	21
CGTAT	236180	1.2733996	32.548	14
TCGTA	230730	1.2440151	32.589268	13
>>END_MODULE
